(0.404, 0.371, 0.322)
0.4040 / 0.3710
0.322
(0.58, 0.572, 0.156)
0.5800 / 0.5720
0.156
(0.714, 0.734, 0.074)
0.7140 / 0.7340
0.074
(0.76, 0.765, 0.056)
0.7600 / 0.7650
0.056
(0.788, 0.813, 0.04)
0.7880 / 0.8130
0.04
(0.394, 0.361, 0.324)
0.3940 / 0.3610
0.324
(0.556, 0.541, 0.16)
0.5560 / 0.5410
0.16
(0.69, 0.703, 0.074)
0.6900 / 0.7030
0.074
(0.762, 0.779, 0.054)
0.7620 / 0.7790
0.054
(0.786, 0.818, 0.04)
0.7860 / 0.8180
0.04
(0.518, 0.488, 0.328)
0.5180 / 0.4880
0.328
(0.638, 0.609, 0.19)
0.6380 / 0.6090
0.19
(0.712, 0.726, 0.074)
0.7120 / 0.7260
0.074
(0.772, 0.788, 0.052)
0.7720 / 0.7880
0.052
(0.818, 0.815, 0.042)
0.8180 / 0.8150
0.042
(0.476, 0.418, 0.186)
0.4760 / 0.4180
0.186
(0.526, 0.489, 0.118)
0.5260 / 0.4890
0.118
(0.614, 0.557, 0.084)
0.6140 / 0.5570
0.084
(0.71, 0.678, 0.026)
0.7100 / 0.6780
0.026
(0.73, 0.718, 0.016)
0.7300 / 0.7180
0.016
